20
365 190 632 944 705 508 248 111 372 606 70 527 427 404 341 540 10 244 118 181
66 121 595 154 453 700 594 164 98 965 706 926 924 284 753 494 798 992 452 114
858 798 978 277 270 863 850 344 771 270 674 157 647 30 878 900 39 50 738 242
663 917 789 368 475 892 259 610 581 603 410 766 278 762 506 175 674 643 295 773
452 713 829 141 7 49 876 602 550 662 82 990 167 153 276 418 481 461 327 407
907 713 798 556 152 811 823 227 914 798 557 770 850 290 757 536 937 342 912 951
730 266 207 348 222 579 901 500 965 983 805 647 997 685 58 595 538 76 658 551
476 224 328 311 272 771 206 329 236 164 562 741 675 277 24 311 368 758 928 170
746 597 42 574 401 422 210 97 882 281 866 792 536 654 706 361 1000 148 673 81
684 543 679 326 119 857 306 932 639 790 900 343 209 854 638 243 134 17 45 122
413 162 787 212 77 222 368 457 90 586 913 427 655 352 796 215 11 167 133 681
450 547 157 783 468 118 568 156 469 284 236 964 756 190 438 738 33 703 881 43
79 493 625 660 910 488 670 393 431 432 126 845 674 914 60 974 586 578 377 681
40 761 268 735 102 277 52 132 139 734 107 381 406 52 541 658 638 614 686 836
548 297 851 485 307 793 263 265 744 417 274 916 74 441 1 811 92 296 838 789
54 364 681 968 117 654 46 122 960 883 538 175 719 804 501 884 422 334 343 758
710 500 91 943 197 304 156 814 756 791 609 997 198 270 431 28 354 868 545 583
21 663 803 410 700 763 368 452 592 327 318 55 591 529 483 260 623 69 691 753
364 336 449 815 398 22 539 608 781 902 100 126 984 951 318 736 20 583 35 649
13 57 328 124 575 450 618 17 966 884 706 936 865 91 975 944 447 797 535 503
