100 100
9 91 77 68
87 71 99 31
21 82 26 54
15 30 73 84
51 82 91 2
77 70 47 87
66 11 95 53
78 61 72 28
52 46 8 96
4 53 9 50
52 7 70 31
38 82 58 37
69 12 50 3
11 24 74 86
22 10 58 90
24 82 94 8
93 66 84 33
87 47 50 86
94 48 8 69
70 30 100 24
35 52 61 65
7 57 69 11
98 1 53 84
56 45 61 99
70 18 77 24
63 92 34 77
69 24 34 99
11 47 63 37
22 92 48 99
99 78 72 78
12 10 89 14
18 51 74 77
46 22 86 74
33 69 51 43
41 85 89 7
23 22 7 61
83 68 37 10
46 93 13 9
21 16 8 3
81 26 38 12
64 14 100 48
98 40 51 69
44 12 94 29
71 81 29 90
36 70 20 61
72 94 94 32
53 66 33 22
8 46 3 48
41 91 46 62
60 38 35 55
19 60 2 22
91 78 43 81
88 20 61 71
24 31 88 95
36 16 29 98
98 6 59 75
23 89 93 8
17 65 96 26
49 90 46 1
35 15 43 52
100 95 70 13
49 65 31 51
64 23 64 65
5 89 6 34
51 91 36 40
81 70 37 19
58 99 37 90
89 4 42 65
12 99 89 23
100 49 8 31
18 87 38 43
38 9 49 65
6 8 38 54
77 32 2 38
11 67 98 86
15 12 52 33
27 86 92 90
59 42 47 10
42 58 56 71
41 28 11 25
10 45 33 99
78 31 75 19
67 21 26 3
66 28 20 96
72 95 85 95
14 45 59 34
75 78 27 80
93 25 28 86
11 47 48 22
46 64 57 5
94 47 22 10
16 87 25 42
44 14 85 94
100 24 28 100
78 11 75 85
80 14 67 5
64 7 6 3
39 25 6 28
25 89 67 61
44 74 99 54
