10 12
290248548 503003985 113390328 457938220 588645958 649070013 2270480 522620260 990466769 905393980 
542244296 777433929 806455635 123258249 718123810 47904825 257302392 316677926 586520737 836645805 
584041044 894898198 213765337 536076700 488156318 631794981 344126569 415793487 211633329 675623670 
347613482 985938280 445954513 187860623 522558426 763597508 885076850 516460560 295095643 128085971 
608147094 222138815 784633868 538070695 2030319 274541053 770160599 703287237 821036222 113765853 
991502227 706147209 523130325 680189054 190495333 464712308 86064341 193610795 815770026 400777447 
78338862 847064540 627335838 539795581 609366759 780364132 347816338 669188551 798414920 952240580 
793001960 47895521 242713682 658161996 232178912 966144628 292816695 160079271 311543956 426371288 
888432626 457245759 883339006 550284889 657149156 594250047 121579596 424841540 259087626 638156570 
903099313 853299819 725845877 102836972 76878540 627212763 634196018 76635859 66288636 555811829 
